vfat/I:strip/I:channel/I:PanPin/I
0	0	16	63
0	1	20	62
0	2	24	61
0	3	28	60
0	4	32	59
0	5	36	58
0	6	40	57
0	7	33	56
0	8	29	55
0	9	25	54
0	10	21	53
0	11	17	52
0	12	13	51
0	13	9	50
0	14	5	49
0	15	1	48
0	16	3	47
0	17	7	46
0	18	11	45
0	19	15	44
0	20	19	43
0	21	23	42
0	22	27	41
0	23	31	40
0	24	35	39
0	25	39	38
0	26	43	37
0	27	47	36
0	28	51	35
0	29	55	34
0	30	59	33
0	31	63	32
0	32	67	31
0	33	71	30
0	34	75	29
0	35	79	28
0	36	83	27
0	37	87	26
0	38	91	25
0	39	95	24
0	40	99	23
0	41	103	22
0	42	107	21
0	43	111	20
0	44	115	19
0	45	119	18
0	46	123	17
0	47	127	16
0	48	125	15
0	49	121	14
0	50	117	13
0	51	113	12
0	52	109	11
0	53	105	10
0	54	101	9
0	55	97	8
0	56	93	7
0	57	96	6
0	58	100	5
0	59	104	4
0	60	108	3
0	61	112	2
0	62	116	1
0	63	124	0
0	64	128	64
0	65	120	65
0	66	126	66
0	67	122	67
0	68	118	68
0	69	114	69
0	70	110	70
0	71	106	71
0	72	102	72
0	73	98	73
0	74	94	74
0	75	90	75
0	76	86	76
0	77	82	77
0	78	78	78
0	79	74	79
0	80	70	80
0	81	66	81
0	82	68	82
0	83	72	83
0	84	76	84
0	85	80	85
0	86	84	86
0	87	88	87
0	88	92	88
0	89	89	89
0	90	85	90
0	91	81	91
0	92	77	92
0	93	73	93
0	94	69	94
0	95	65	95
0	96	61	96
0	97	57	97
0	98	53	98
0	99	49	99
0	100	45	100
0	101	41	101
0	102	37	102
0	103	44	103
0	104	48	104
0	105	52	105
0	106	56	106
0	107	60	107
0	108	64	108
0	109	62	109
0	110	58	110
0	111	54	111
0	112	50	112
0	113	46	113
0	114	42	114
0	115	38	115
0	116	34	116
0	117	30	117
0	118	26	118
0	119	22	119
0	120	18	120
0	121	14	121
0	122	10	122
0	123	6	123
0	124	2	124
0	125	12	125
0	126	8	126
0	127	4	127
1	0	16	63
1	1	20	62
1	2	24	61
1	3	28	60
1	4	32	59
1	5	36	58
1	6	40	57
1	7	33	56
1	8	29	55
1	9	25	54
1	10	21	53
1	11	17	52
1	12	13	51
1	13	9	50
1	14	5	49
1	15	1	48
1	16	3	47
1	17	7	46
1	18	11	45
1	19	15	44
1	20	19	43
1	21	23	42
1	22	27	41
1	23	31	40
1	24	35	39
1	25	39	38
1	26	43	37
1	27	47	36
1	28	51	35
1	29	55	34
1	30	59	33
1	31	63	32
1	32	67	31
1	33	71	30
1	34	75	29
1	35	79	28
1	36	83	27
1	37	87	26
1	38	91	25
1	39	95	24
1	40	99	23
1	41	103	22
1	42	107	21
1	43	111	20
1	44	115	19
1	45	119	18
1	46	123	17
1	47	127	16
1	48	125	15
1	49	121	14
1	50	117	13
1	51	113	12
1	52	109	11
1	53	105	10
1	54	101	9
1	55	97	8
1	56	93	7
1	57	96	6
1	58	100	5
1	59	104	4
1	60	108	3
1	61	112	2
1	62	116	1
1	63	124	0
1	64	128	64
1	65	120	65
1	66	126	66
1	67	122	67
1	68	118	68
1	69	114	69
1	70	110	70
1	71	106	71
1	72	102	72
1	73	98	73
1	74	94	74
1	75	90	75
1	76	86	76
1	77	82	77
1	78	78	78
1	79	74	79
1	80	70	80
1	81	66	81
1	82	68	82
1	83	72	83
1	84	76	84
1	85	80	85
1	86	84	86
1	87	88	87
1	88	92	88
1	89	89	89
1	90	85	90
1	91	81	91
1	92	77	92
1	93	73	93
1	94	69	94
1	95	65	95
1	96	61	96
1	97	57	97
1	98	53	98
1	99	49	99
1	100	45	100
1	101	41	101
1	102	37	102
1	103	44	103
1	104	48	104
1	105	52	105
1	106	56	106
1	107	60	107
1	108	64	108
1	109	62	109
1	110	58	110
1	111	54	111
1	112	50	112
1	113	46	113
1	114	42	114
1	115	38	115
1	116	34	116
1	117	30	117
1	118	26	118
1	119	22	119
1	120	18	120
1	121	14	121
1	122	10	122
1	123	6	123
1	124	2	124
1	125	12	125
1	126	8	126
1	127	4	127
2	0	124	0
2	1	116	1
2	2	112	2
2	3	108	3
2	4	104	4
2	5	100	5
2	6	96	6
2	7	93	7
2	8	97	8
2	9	101	9
2	10	105	10
2	11	109	11
2	12	113	12
2	13	117	13
2	14	121	14
2	15	125	15
2	16	127	16
2	17	123	17
2	18	119	18
2	19	115	19
2	20	111	20
2	21	107	21
2	22	103	22
2	23	99	23
2	24	95	24
2	25	91	25
2	26	87	26
2	27	83	27
2	28	79	28
2	29	75	29
2	30	71	30
2	31	67	31
2	32	63	32
2	33	59	33
2	34	55	34
2	35	51	35
2	36	47	36
2	37	43	37
2	38	39	38
2	39	35	39
2	40	31	40
2	41	27	41
2	42	23	42
2	43	19	43
2	44	15	44
2	45	11	45
2	46	7	46
2	47	3	47
2	48	1	48
2	49	5	49
2	50	9	50
2	51	13	51
2	52	17	52
2	53	21	53
2	54	25	54
2	55	29	55
2	56	33	56
2	57	40	57
2	58	36	58
2	59	32	59
2	60	28	60
2	61	24	61
2	62	20	62
2	63	16	63
2	64	4	127
2	65	8	126
2	66	12	125
2	67	2	124
2	68	6	123
2	69	10	122
2	70	14	121
2	71	18	120
2	72	22	119
2	73	26	118
2	74	30	117
2	75	34	116
2	76	38	115
2	77	42	114
2	78	46	113
2	79	50	112
2	80	54	111
2	81	58	110
2	82	62	109
2	83	64	108
2	84	60	107
2	85	56	106
2	86	52	105
2	87	48	104
2	88	44	103
2	89	37	102
2	90	41	101
2	91	45	100
2	92	49	99
2	93	53	98
2	94	57	97
2	95	61	96
2	96	65	95
2	97	69	94
2	98	73	93
2	99	77	92
2	100	81	91
2	101	85	90
2	102	89	89
2	103	92	88
2	104	88	87
2	105	84	86
2	106	80	85
2	107	76	84
2	108	72	83
2	109	68	82
2	110	66	81
2	111	70	80
2	112	74	79
2	113	78	78
2	114	82	77
2	115	86	76
2	116	90	75
2	117	94	74
2	118	98	73
2	119	102	72
2	120	106	71
2	121	110	70
2	122	114	69
2	123	118	68
2	124	122	67
2	125	126	66
2	126	120	65
2	127	128	64
3	0	124	0
3	1	116	1
3	2	112	2
3	3	108	3
3	4	104	4
3	5	100	5
3	6	96	6
3	7	93	7
3	8	97	8
3	9	101	9
3	10	105	10
3	11	109	11
3	12	113	12
3	13	117	13
3	14	121	14
3	15	125	15
3	16	127	16
3	17	123	17
3	18	119	18
3	19	115	19
3	20	111	20
3	21	107	21
3	22	103	22
3	23	99	23
3	24	95	24
3	25	91	25
3	26	87	26
3	27	83	27
3	28	79	28
3	29	75	29
3	30	71	30
3	31	67	31
3	32	63	32
3	33	59	33
3	34	55	34
3	35	51	35
3	36	47	36
3	37	43	37
3	38	39	38
3	39	35	39
3	40	31	40
3	41	27	41
3	42	23	42
3	43	19	43
3	44	15	44
3	45	11	45
3	46	7	46
3	47	3	47
3	48	1	48
3	49	5	49
3	50	9	50
3	51	13	51
3	52	17	52
3	53	21	53
3	54	25	54
3	55	29	55
3	56	33	56
3	57	40	57
3	58	36	58
3	59	32	59
3	60	28	60
3	61	24	61
3	62	20	62
3	63	16	63
3	64	4	127
3	65	8	126
3	66	12	125
3	67	2	124
3	68	6	123
3	69	10	122
3	70	14	121
3	71	18	120
3	72	22	119
3	73	26	118
3	74	30	117
3	75	34	116
3	76	38	115
3	77	42	114
3	78	46	113
3	79	50	112
3	80	54	111
3	81	58	110
3	82	62	109
3	83	64	108
3	84	60	107
3	85	56	106
3	86	52	105
3	87	48	104
3	88	44	103
3	89	37	102
3	90	41	101
3	91	45	100
3	92	49	99
3	93	53	98
3	94	57	97
3	95	61	96
3	96	65	95
3	97	69	94
3	98	73	93
3	99	77	92
3	100	81	91
3	101	85	90
3	102	89	89
3	103	92	88
3	104	88	87
3	105	84	86
3	106	80	85
3	107	76	84
3	108	72	83
3	109	68	82
3	110	66	81
3	111	70	80
3	112	74	79
3	113	78	78
3	114	82	77
3	115	86	76
3	116	90	75
3	117	94	74
3	118	98	73
3	119	102	72
3	120	106	71
3	121	110	70
3	122	114	69
3	123	118	68
3	124	122	67
3	125	126	66
3	126	120	65
3	127	128	64
4	0	16	63
4	1	20	62
4	2	24	61
4	3	28	60
4	4	32	59
4	5	36	58
4	6	40	57
4	7	33	56
4	8	29	55
4	9	25	54
4	10	21	53
4	11	17	52
4	12	13	51
4	13	9	50
4	14	5	49
4	15	1	48
4	16	3	47
4	17	7	46
4	18	11	45
4	19	15	44
4	20	19	43
4	21	23	42
4	22	27	41
4	23	31	40
4	24	35	39
4	25	39	38
4	26	43	37
4	27	47	36
4	28	51	35
4	29	55	34
4	30	59	33
4	31	63	32
4	32	67	31
4	33	71	30
4	34	75	29
4	35	79	28
4	36	83	27
4	37	87	26
4	38	91	25
4	39	95	24
4	40	99	23
4	41	103	22
4	42	107	21
4	43	111	20
4	44	115	19
4	45	119	18
4	46	123	17
4	47	127	16
4	48	125	15
4	49	121	14
4	50	117	13
4	51	113	12
4	52	109	11
4	53	105	10
4	54	101	9
4	55	97	8
4	56	93	7
4	57	96	6
4	58	100	5
4	59	104	4
4	60	108	3
4	61	112	2
4	62	116	1
4	63	124	0
4	64	128	64
4	65	120	65
4	66	126	66
4	67	122	67
4	68	118	68
4	69	114	69
4	70	110	70
4	71	106	71
4	72	102	72
4	73	98	73
4	74	94	74
4	75	90	75
4	76	86	76
4	77	82	77
4	78	78	78
4	79	74	79
4	80	70	80
4	81	66	81
4	82	68	82
4	83	72	83
4	84	76	84
4	85	80	85
4	86	84	86
4	87	88	87
4	88	92	88
4	89	89	89
4	90	85	90
4	91	81	91
4	92	77	92
4	93	73	93
4	94	69	94
4	95	65	95
4	96	61	96
4	97	57	97
4	98	53	98
4	99	49	99
4	100	45	100
4	101	41	101
4	102	37	102
4	103	44	103
4	104	48	104
4	105	52	105
4	106	56	106
4	107	60	107
4	108	64	108
4	109	62	109
4	110	58	110
4	111	54	111
4	112	50	112
4	113	46	113
4	114	42	114
4	115	38	115
4	116	34	116
4	117	30	117
4	118	26	118
4	119	22	119
4	120	18	120
4	121	14	121
4	122	10	122
4	123	6	123
4	124	2	124
4	125	12	125
4	126	8	126
4	127	4	127
5	0	124	0
5	1	116	1
5	2	112	2
5	3	108	3
5	4	104	4
5	5	100	5
5	6	96	6
5	7	93	7
5	8	97	8
5	9	101	9
5	10	105	10
5	11	109	11
5	12	113	12
5	13	117	13
5	14	121	14
5	15	125	15
5	16	127	16
5	17	123	17
5	18	119	18
5	19	115	19
5	20	111	20
5	21	107	21
5	22	103	22
5	23	99	23
5	24	95	24
5	25	91	25
5	26	87	26
5	27	83	27
5	28	79	28
5	29	75	29
5	30	71	30
5	31	67	31
5	32	63	32
5	33	59	33
5	34	55	34
5	35	51	35
5	36	47	36
5	37	43	37
5	38	39	38
5	39	35	39
5	40	31	40
5	41	27	41
5	42	23	42
5	43	19	43
5	44	15	44
5	45	11	45
5	46	7	46
5	47	3	47
5	48	1	48
5	49	5	49
5	50	9	50
5	51	13	51
5	52	17	52
5	53	21	53
5	54	25	54
5	55	29	55
5	56	33	56
5	57	40	57
5	58	36	58
5	59	32	59
5	60	28	60
5	61	24	61
5	62	20	62
5	63	16	63
5	64	4	127
5	65	8	126
5	66	12	125
5	67	2	124
5	68	6	123
5	69	10	122
5	70	14	121
5	71	18	120
5	72	22	119
5	73	26	118
5	74	30	117
5	75	34	116
5	76	38	115
5	77	42	114
5	78	46	113
5	79	50	112
5	80	54	111
5	81	58	110
5	82	62	109
5	83	64	108
5	84	60	107
5	85	56	106
5	86	52	105
5	87	48	104
5	88	44	103
5	89	37	102
5	90	41	101
5	91	45	100
5	92	49	99
5	93	53	98
5	94	57	97
5	95	61	96
5	96	65	95
5	97	69	94
5	98	73	93
5	99	77	92
5	100	81	91
5	101	85	90
5	102	89	89
5	103	92	88
5	104	88	87
5	105	84	86
5	106	80	85
5	107	76	84
5	108	72	83
5	109	68	82
5	110	66	81
5	111	70	80
5	112	74	79
5	113	78	78
5	114	82	77
5	115	86	76
5	116	90	75
5	117	94	74
5	118	98	73
5	119	102	72
5	120	106	71
5	121	110	70
5	122	114	69
5	123	118	68
5	124	122	67
5	125	126	66
5	126	120	65
5	127	128	64
6	0	16	63
6	1	20	62
6	2	24	61
6	3	28	60
6	4	32	59
6	5	36	58
6	6	40	57
6	7	33	56
6	8	29	55
6	9	25	54
6	10	21	53
6	11	17	52
6	12	13	51
6	13	9	50
6	14	5	49
6	15	1	48
6	16	3	47
6	17	7	46
6	18	11	45
6	19	15	44
6	20	19	43
6	21	23	42
6	22	27	41
6	23	31	40
6	24	35	39
6	25	39	38
6	26	43	37
6	27	47	36
6	28	51	35
6	29	55	34
6	30	59	33
6	31	63	32
6	32	67	31
6	33	71	30
6	34	75	29
6	35	79	28
6	36	83	27
6	37	87	26
6	38	91	25
6	39	95	24
6	40	99	23
6	41	103	22
6	42	107	21
6	43	111	20
6	44	115	19
6	45	119	18
6	46	123	17
6	47	127	16
6	48	125	15
6	49	121	14
6	50	117	13
6	51	113	12
6	52	109	11
6	53	105	10
6	54	101	9
6	55	97	8
6	56	93	7
6	57	96	6
6	58	100	5
6	59	104	4
6	60	108	3
6	61	112	2
6	62	116	1
6	63	124	0
6	64	128	64
6	65	120	65
6	66	126	66
6	67	122	67
6	68	118	68
6	69	114	69
6	70	110	70
6	71	106	71
6	72	102	72
6	73	98	73
6	74	94	74
6	75	90	75
6	76	86	76
6	77	82	77
6	78	78	78
6	79	74	79
6	80	70	80
6	81	66	81
6	82	68	82
6	83	72	83
6	84	76	84
6	85	80	85
6	86	84	86
6	87	88	87
6	88	92	88
6	89	89	89
6	90	85	90
6	91	81	91
6	92	77	92
6	93	73	93
6	94	69	94
6	95	65	95
6	96	61	96
6	97	57	97
6	98	53	98
6	99	49	99
6	100	45	100
6	101	41	101
6	102	37	102
6	103	44	103
6	104	48	104
6	105	52	105
6	106	56	106
6	107	60	107
6	108	64	108
6	109	62	109
6	110	58	110
6	111	54	111
6	112	50	112
6	113	46	113
6	114	42	114
6	115	38	115
6	116	34	116
6	117	30	117
6	118	26	118
6	119	22	119
6	120	18	120
6	121	14	121
6	122	10	122
6	123	6	123
6	124	2	124
6	125	12	125
6	126	8	126
6	127	4	127
7	0	124	0
7	1	116	1
7	2	112	2
7	3	108	3
7	4	104	4
7	5	100	5
7	6	96	6
7	7	93	7
7	8	97	8
7	9	101	9
7	10	105	10
7	11	109	11
7	12	113	12
7	13	117	13
7	14	121	14
7	15	125	15
7	16	127	16
7	17	123	17
7	18	119	18
7	19	115	19
7	20	111	20
7	21	107	21
7	22	103	22
7	23	99	23
7	24	95	24
7	25	91	25
7	26	87	26
7	27	83	27
7	28	79	28
7	29	75	29
7	30	71	30
7	31	67	31
7	32	63	32
7	33	59	33
7	34	55	34
7	35	51	35
7	36	47	36
7	37	43	37
7	38	39	38
7	39	35	39
7	40	31	40
7	41	27	41
7	42	23	42
7	43	19	43
7	44	15	44
7	45	11	45
7	46	7	46
7	47	3	47
7	48	1	48
7	49	5	49
7	50	9	50
7	51	13	51
7	52	17	52
7	53	21	53
7	54	25	54
7	55	29	55
7	56	33	56
7	57	40	57
7	58	36	58
7	59	32	59
7	60	28	60
7	61	24	61
7	62	20	62
7	63	16	63
7	64	4	127
7	65	8	126
7	66	12	125
7	67	2	124
7	68	6	123
7	69	10	122
7	70	14	121
7	71	18	120
7	72	22	119
7	73	26	118
7	74	30	117
7	75	34	116
7	76	38	115
7	77	42	114
7	78	46	113
7	79	50	112
7	80	54	111
7	81	58	110
7	82	62	109
7	83	64	108
7	84	60	107
7	85	56	106
7	86	52	105
7	87	48	104
7	88	44	103
7	89	37	102
7	90	41	101
7	91	45	100
7	92	49	99
7	93	53	98
7	94	57	97
7	95	61	96
7	96	65	95
7	97	69	94
7	98	73	93
7	99	77	92
7	100	81	91
7	101	85	90
7	102	89	89
7	103	92	88
7	104	88	87
7	105	84	86
7	106	80	85
7	107	76	84
7	108	72	83
7	109	68	82
7	110	66	81
7	111	70	80
7	112	74	79
7	113	78	78
7	114	82	77
7	115	86	76
7	116	90	75
7	117	94	74
7	118	98	73
7	119	102	72
7	120	106	71
7	121	110	70
7	122	114	69
7	123	118	68
7	124	122	67
7	125	126	66
7	126	120	65
7	127	128	64
8	0	124	0
8	1	116	1
8	2	112	2
8	3	108	3
8	4	104	4
8	5	100	5
8	6	96	6
8	7	93	7
8	8	97	8
8	9	101	9
8	10	105	10
8	11	109	11
8	12	113	12
8	13	117	13
8	14	121	14
8	15	125	15
8	16	127	16
8	17	123	17
8	18	119	18
8	19	115	19
8	20	111	20
8	21	107	21
8	22	103	22
8	23	99	23
8	24	95	24
8	25	91	25
8	26	87	26
8	27	83	27
8	28	79	28
8	29	75	29
8	30	71	30
8	31	67	31
8	32	63	32
8	33	59	33
8	34	55	34
8	35	51	35
8	36	47	36
8	37	43	37
8	38	39	38
8	39	35	39
8	40	31	40
8	41	27	41
8	42	23	42
8	43	19	43
8	44	15	44
8	45	11	45
8	46	7	46
8	47	3	47
8	48	1	48
8	49	5	49
8	50	9	50
8	51	13	51
8	52	17	52
8	53	21	53
8	54	25	54
8	55	29	55
8	56	33	56
8	57	40	57
8	58	36	58
8	59	32	59
8	60	28	60
8	61	24	61
8	62	20	62
8	63	16	63
8	64	4	127
8	65	8	126
8	66	12	125
8	67	2	124
8	68	6	123
8	69	10	122
8	70	14	121
8	71	18	120
8	72	22	119
8	73	26	118
8	74	30	117
8	75	34	116
8	76	38	115
8	77	42	114
8	78	46	113
8	79	50	112
8	80	54	111
8	81	58	110
8	82	62	109
8	83	64	108
8	84	60	107
8	85	56	106
8	86	52	105
8	87	48	104
8	88	44	103
8	89	37	102
8	90	41	101
8	91	45	100
8	92	49	99
8	93	53	98
8	94	57	97
8	95	61	96
8	96	65	95
8	97	69	94
8	98	73	93
8	99	77	92
8	100	81	91
8	101	85	90
8	102	89	89
8	103	92	88
8	104	88	87
8	105	84	86
8	106	80	85
8	107	76	84
8	108	72	83
8	109	68	82
8	110	66	81
8	111	70	80
8	112	74	79
8	113	78	78
8	114	82	77
8	115	86	76
8	116	90	75
8	117	94	74
8	118	98	73
8	119	102	72
8	120	106	71
8	121	110	70
8	122	114	69
8	123	118	68
8	124	122	67
8	125	126	66
8	126	120	65
8	127	128	64
9	0	124	0
9	1	116	1
9	2	112	2
9	3	108	3
9	4	104	4
9	5	100	5
9	6	96	6
9	7	93	7
9	8	97	8
9	9	101	9
9	10	105	10
9	11	109	11
9	12	113	12
9	13	117	13
9	14	121	14
9	15	125	15
9	16	127	16
9	17	123	17
9	18	119	18
9	19	115	19
9	20	111	20
9	21	107	21
9	22	103	22
9	23	99	23
9	24	95	24
9	25	91	25
9	26	87	26
9	27	83	27
9	28	79	28
9	29	75	29
9	30	71	30
9	31	67	31
9	32	63	32
9	33	59	33
9	34	55	34
9	35	51	35
9	36	47	36
9	37	43	37
9	38	39	38
9	39	35	39
9	40	31	40
9	41	27	41
9	42	23	42
9	43	19	43
9	44	15	44
9	45	11	45
9	46	7	46
9	47	3	47
9	48	1	48
9	49	5	49
9	50	9	50
9	51	13	51
9	52	17	52
9	53	21	53
9	54	25	54
9	55	29	55
9	56	33	56
9	57	40	57
9	58	36	58
9	59	32	59
9	60	28	60
9	61	24	61
9	62	20	62
9	63	16	63
9	64	4	127
9	65	8	126
9	66	12	125
9	67	2	124
9	68	6	123
9	69	10	122
9	70	14	121
9	71	18	120
9	72	22	119
9	73	26	118
9	74	30	117
9	75	34	116
9	76	38	115
9	77	42	114
9	78	46	113
9	79	50	112
9	80	54	111
9	81	58	110
9	82	62	109
9	83	64	108
9	84	60	107
9	85	56	106
9	86	52	105
9	87	48	104
9	88	44	103
9	89	37	102
9	90	41	101
9	91	45	100
9	92	49	99
9	93	53	98
9	94	57	97
9	95	61	96
9	96	65	95
9	97	69	94
9	98	73	93
9	99	77	92
9	100	81	91
9	101	85	90
9	102	89	89
9	103	92	88
9	104	88	87
9	105	84	86
9	106	80	85
9	107	76	84
9	108	72	83
9	109	68	82
9	110	66	81
9	111	70	80
9	112	74	79
9	113	78	78
9	114	82	77
9	115	86	76
9	116	90	75
9	117	94	74
9	118	98	73
9	119	102	72
9	120	106	71
9	121	110	70
9	122	114	69
9	123	118	68
9	124	122	67
9	125	126	66
9	126	120	65
9	127	128	64
10	0	124	0
10	1	116	1
10	2	112	2
10	3	108	3
10	4	104	4
10	5	100	5
10	6	96	6
10	7	93	7
10	8	97	8
10	9	101	9
10	10	105	10
10	11	109	11
10	12	113	12
10	13	117	13
10	14	121	14
10	15	125	15
10	16	127	16
10	17	123	17
10	18	119	18
10	19	115	19
10	20	111	20
10	21	107	21
10	22	103	22
10	23	99	23
10	24	95	24
10	25	91	25
10	26	87	26
10	27	83	27
10	28	79	28
10	29	75	29
10	30	71	30
10	31	67	31
10	32	63	32
10	33	59	33
10	34	55	34
10	35	51	35
10	36	47	36
10	37	43	37
10	38	39	38
10	39	35	39
10	40	31	40
10	41	27	41
10	42	23	42
10	43	19	43
10	44	15	44
10	45	11	45
10	46	7	46
10	47	3	47
10	48	1	48
10	49	5	49
10	50	9	50
10	51	13	51
10	52	17	52
10	53	21	53
10	54	25	54
10	55	29	55
10	56	33	56
10	57	40	57
10	58	36	58
10	59	32	59
10	60	28	60
10	61	24	61
10	62	20	62
10	63	16	63
10	64	4	127
10	65	8	126
10	66	12	125
10	67	2	124
10	68	6	123
10	69	10	122
10	70	14	121
10	71	18	120
10	72	22	119
10	73	26	118
10	74	30	117
10	75	34	116
10	76	38	115
10	77	42	114
10	78	46	113
10	79	50	112
10	80	54	111
10	81	58	110
10	82	62	109
10	83	64	108
10	84	60	107
10	85	56	106
10	86	52	105
10	87	48	104
10	88	44	103
10	89	37	102
10	90	41	101
10	91	45	100
10	92	49	99
10	93	53	98
10	94	57	97
10	95	61	96
10	96	65	95
10	97	69	94
10	98	73	93
10	99	77	92
10	100	81	91
10	101	85	90
10	102	89	89
10	103	92	88
10	104	88	87
10	105	84	86
10	106	80	85
10	107	76	84
10	108	72	83
10	109	68	82
10	110	66	81
10	111	70	80
10	112	74	79
10	113	78	78
10	114	82	77
10	115	86	76
10	116	90	75
10	117	94	74
10	118	98	73
10	119	102	72
10	120	106	71
10	121	110	70
10	122	114	69
10	123	118	68
10	124	122	67
10	125	126	66
10	126	120	65
10	127	128	64
11	0	124	0
11	1	116	1
11	2	112	2
11	3	108	3
11	4	104	4
11	5	100	5
11	6	96	6
11	7	93	7
11	8	97	8
11	9	101	9
11	10	105	10
11	11	109	11
11	12	113	12
11	13	117	13
11	14	121	14
11	15	125	15
11	16	127	16
11	17	123	17
11	18	119	18
11	19	115	19
11	20	111	20
11	21	107	21
11	22	103	22
11	23	99	23
11	24	95	24
11	25	91	25
11	26	87	26
11	27	83	27
11	28	79	28
11	29	75	29
11	30	71	30
11	31	67	31
11	32	63	32
11	33	59	33
11	34	55	34
11	35	51	35
11	36	47	36
11	37	43	37
11	38	39	38
11	39	35	39
11	40	31	40
11	41	27	41
11	42	23	42
11	43	19	43
11	44	15	44
11	45	11	45
11	46	7	46
11	47	3	47
11	48	1	48
11	49	5	49
11	50	9	50
11	51	13	51
11	52	17	52
11	53	21	53
11	54	25	54
11	55	29	55
11	56	33	56
11	57	40	57
11	58	36	58
11	59	32	59
11	60	28	60
11	61	24	61
11	62	20	62
11	63	16	63
11	64	4	127
11	65	8	126
11	66	12	125
11	67	2	124
11	68	6	123
11	69	10	122
11	70	14	121
11	71	18	120
11	72	22	119
11	73	26	118
11	74	30	117
11	75	34	116
11	76	38	115
11	77	42	114
11	78	46	113
11	79	50	112
11	80	54	111
11	81	58	110
11	82	62	109
11	83	64	108
11	84	60	107
11	85	56	106
11	86	52	105
11	87	48	104
11	88	44	103
11	89	37	102
11	90	41	101
11	91	45	100
11	92	49	99
11	93	53	98
11	94	57	97
11	95	61	96
11	96	65	95
11	97	69	94
11	98	73	93
11	99	77	92
11	100	81	91
11	101	85	90
11	102	89	89
11	103	92	88
11	104	88	87
11	105	84	86
11	106	80	85
11	107	76	84
11	108	72	83
11	109	68	82
11	110	66	81
11	111	70	80
11	112	74	79
11	113	78	78
11	114	82	77
11	115	86	76
11	116	90	75
11	117	94	74
11	118	98	73
11	119	102	72
11	120	106	71
11	121	110	70
11	122	114	69
11	123	118	68
11	124	122	67
11	125	126	66
11	126	120	65
11	127	128	64
12	0	16	63
12	1	20	62
12	2	24	61
12	3	28	60
12	4	32	59
12	5	36	58
12	6	40	57
12	7	33	56
12	8	29	55
12	9	25	54
12	10	21	53
12	11	17	52
12	12	13	51
12	13	9	50
12	14	5	49
12	15	1	48
12	16	3	47
12	17	7	46
12	18	11	45
12	19	15	44
12	20	19	43
12	21	23	42
12	22	27	41
12	23	31	40
12	24	35	39
12	25	39	38
12	26	43	37
12	27	47	36
12	28	51	35
12	29	55	34
12	30	59	33
12	31	63	32
12	32	67	31
12	33	71	30
12	34	75	29
12	35	79	28
12	36	83	27
12	37	87	26
12	38	91	25
12	39	95	24
12	40	99	23
12	41	103	22
12	42	107	21
12	43	111	20
12	44	115	19
12	45	119	18
12	46	123	17
12	47	127	16
12	48	125	15
12	49	121	14
12	50	117	13
12	51	113	12
12	52	109	11
12	53	105	10
12	54	101	9
12	55	97	8
12	56	93	7
12	57	96	6
12	58	100	5
12	59	104	4
12	60	108	3
12	61	112	2
12	62	116	1
12	63	124	0
12	64	128	64
12	65	120	65
12	66	126	66
12	67	122	67
12	68	118	68
12	69	114	69
12	70	110	70
12	71	106	71
12	72	102	72
12	73	98	73
12	74	94	74
12	75	90	75
12	76	86	76
12	77	82	77
12	78	78	78
12	79	74	79
12	80	70	80
12	81	66	81
12	82	68	82
12	83	72	83
12	84	76	84
12	85	80	85
12	86	84	86
12	87	88	87
12	88	92	88
12	89	89	89
12	90	85	90
12	91	81	91
12	92	77	92
12	93	73	93
12	94	69	94
12	95	65	95
12	96	61	96
12	97	57	97
12	98	53	98
12	99	49	99
12	100	45	100
12	101	41	101
12	102	37	102
12	103	44	103
12	104	48	104
12	105	52	105
12	106	56	106
12	107	60	107
12	108	64	108
12	109	62	109
12	110	58	110
12	111	54	111
12	112	50	112
12	113	46	113
12	114	42	114
12	115	38	115
12	116	34	116
12	117	30	117
12	118	26	118
12	119	22	119
12	120	18	120
12	121	14	121
12	122	10	122
12	123	6	123
12	124	2	124
12	125	12	125
12	126	8	126
12	127	4	127
13	0	124	0
13	1	116	1
13	2	112	2
13	3	108	3
13	4	104	4
13	5	100	5
13	6	96	6
13	7	93	7
13	8	97	8
13	9	101	9
13	10	105	10
13	11	109	11
13	12	113	12
13	13	117	13
13	14	121	14
13	15	125	15
13	16	127	16
13	17	123	17
13	18	119	18
13	19	115	19
13	20	111	20
13	21	107	21
13	22	103	22
13	23	99	23
13	24	95	24
13	25	91	25
13	26	87	26
13	27	83	27
13	28	79	28
13	29	75	29
13	30	71	30
13	31	67	31
13	32	63	32
13	33	59	33
13	34	55	34
13	35	51	35
13	36	47	36
13	37	43	37
13	38	39	38
13	39	35	39
13	40	31	40
13	41	27	41
13	42	23	42
13	43	19	43
13	44	15	44
13	45	11	45
13	46	7	46
13	47	3	47
13	48	1	48
13	49	5	49
13	50	9	50
13	51	13	51
13	52	17	52
13	53	21	53
13	54	25	54
13	55	29	55
13	56	33	56
13	57	40	57
13	58	36	58
13	59	32	59
13	60	28	60
13	61	24	61
13	62	20	62
13	63	16	63
13	64	4	127
13	65	8	126
13	66	12	125
13	67	2	124
13	68	6	123
13	69	10	122
13	70	14	121
13	71	18	120
13	72	22	119
13	73	26	118
13	74	30	117
13	75	34	116
13	76	38	115
13	77	42	114
13	78	46	113
13	79	50	112
13	80	54	111
13	81	58	110
13	82	62	109
13	83	64	108
13	84	60	107
13	85	56	106
13	86	52	105
13	87	48	104
13	88	44	103
13	89	37	102
13	90	41	101
13	91	45	100
13	92	49	99
13	93	53	98
13	94	57	97
13	95	61	96
13	96	65	95
13	97	69	94
13	98	73	93
13	99	77	92
13	100	81	91
13	101	85	90
13	102	89	89
13	103	92	88
13	104	88	87
13	105	84	86
13	106	80	85
13	107	76	84
13	108	72	83
13	109	68	82
13	110	66	81
13	111	70	80
13	112	74	79
13	113	78	78
13	114	82	77
13	115	86	76
13	116	90	75
13	117	94	74
13	118	98	73
13	119	102	72
13	120	106	71
13	121	110	70
13	122	114	69
13	123	118	68
13	124	122	67
13	125	126	66
13	126	120	65
13	127	128	64
14	0	16	63
14	1	20	62
14	2	24	61
14	3	28	60
14	4	32	59
14	5	36	58
14	6	40	57
14	7	33	56
14	8	29	55
14	9	25	54
14	10	21	53
14	11	17	52
14	12	13	51
14	13	9	50
14	14	5	49
14	15	1	48
14	16	3	47
14	17	7	46
14	18	11	45
14	19	15	44
14	20	19	43
14	21	23	42
14	22	27	41
14	23	31	40
14	24	35	39
14	25	39	38
14	26	43	37
14	27	47	36
14	28	51	35
14	29	55	34
14	30	59	33
14	31	63	32
14	32	67	31
14	33	71	30
14	34	75	29
14	35	79	28
14	36	83	27
14	37	87	26
14	38	91	25
14	39	95	24
14	40	99	23
14	41	103	22
14	42	107	21
14	43	111	20
14	44	115	19
14	45	119	18
14	46	123	17
14	47	127	16
14	48	125	15
14	49	121	14
14	50	117	13
14	51	113	12
14	52	109	11
14	53	105	10
14	54	101	9
14	55	97	8
14	56	93	7
14	57	96	6
14	58	100	5
14	59	104	4
14	60	108	3
14	61	112	2
14	62	116	1
14	63	124	0
14	64	128	64
14	65	120	65
14	66	126	66
14	67	122	67
14	68	118	68
14	69	114	69
14	70	110	70
14	71	106	71
14	72	102	72
14	73	98	73
14	74	94	74
14	75	90	75
14	76	86	76
14	77	82	77
14	78	78	78
14	79	74	79
14	80	70	80
14	81	66	81
14	82	68	82
14	83	72	83
14	84	76	84
14	85	80	85
14	86	84	86
14	87	88	87
14	88	92	88
14	89	89	89
14	90	85	90
14	91	81	91
14	92	77	92
14	93	73	93
14	94	69	94
14	95	65	95
14	96	61	96
14	97	57	97
14	98	53	98
14	99	49	99
14	100	45	100
14	101	41	101
14	102	37	102
14	103	44	103
14	104	48	104
14	105	52	105
14	106	56	106
14	107	60	107
14	108	64	108
14	109	62	109
14	110	58	110
14	111	54	111
14	112	50	112
14	113	46	113
14	114	42	114
14	115	38	115
14	116	34	116
14	117	30	117
14	118	26	118
14	119	22	119
14	120	18	120
14	121	14	121
14	122	10	122
14	123	6	123
14	124	2	124
14	125	12	125
14	126	8	126
14	127	4	127
15	0	124	0
15	1	116	1
15	2	112	2
15	3	108	3
15	4	104	4
15	5	100	5
15	6	96	6
15	7	93	7
15	8	97	8
15	9	101	9
15	10	105	10
15	11	109	11
15	12	113	12
15	13	117	13
15	14	121	14
15	15	125	15
15	16	127	16
15	17	123	17
15	18	119	18
15	19	115	19
15	20	111	20
15	21	107	21
15	22	103	22
15	23	99	23
15	24	95	24
15	25	91	25
15	26	87	26
15	27	83	27
15	28	79	28
15	29	75	29
15	30	71	30
15	31	67	31
15	32	63	32
15	33	59	33
15	34	55	34
15	35	51	35
15	36	47	36
15	37	43	37
15	38	39	38
15	39	35	39
15	40	31	40
15	41	27	41
15	42	23	42
15	43	19	43
15	44	15	44
15	45	11	45
15	46	7	46
15	47	3	47
15	48	1	48
15	49	5	49
15	50	9	50
15	51	13	51
15	52	17	52
15	53	21	53
15	54	25	54
15	55	29	55
15	56	33	56
15	57	40	57
15	58	36	58
15	59	32	59
15	60	28	60
15	61	24	61
15	62	20	62
15	63	16	63
15	64	4	127
15	65	8	126
15	66	12	125
15	67	2	124
15	68	6	123
15	69	10	122
15	70	14	121
15	71	18	120
15	72	22	119
15	73	26	118
15	74	30	117
15	75	34	116
15	76	38	115
15	77	42	114
15	78	46	113
15	79	50	112
15	80	54	111
15	81	58	110
15	82	62	109
15	83	64	108
15	84	60	107
15	85	56	106
15	86	52	105
15	87	48	104
15	88	44	103
15	89	37	102
15	90	41	101
15	91	45	100
15	92	49	99
15	93	53	98
15	94	57	97
15	95	61	96
15	96	65	95
15	97	69	94
15	98	73	93
15	99	77	92
15	100	81	91
15	101	85	90
15	102	89	89
15	103	92	88
15	104	88	87
15	105	84	86
15	106	80	85
15	107	76	84
15	108	72	83
15	109	68	82
15	110	66	81
15	111	70	80
15	112	74	79
15	113	78	78
15	114	82	77
15	115	86	76
15	116	90	75
15	117	94	74
15	118	98	73
15	119	102	72
15	120	106	71
15	121	110	70
15	122	114	69
15	123	118	68
15	124	122	67
15	125	126	66
15	126	120	65
15	127	128	64
16	0	128	63
16	1	120	62
16	2	126	61
16	3	122	60
16	4	118	59
16	5	114	58
16	6	110	57
16	7	106	56
16	8	102	55
16	9	98	54
16	10	94	53
16	11	90	52
16	12	86	51
16	13	82	50
16	14	78	49
16	15	74	48
16	16	70	47
16	17	66	46
16	18	68	45
16	19	72	44
16	20	76	43
16	21	80	42
16	22	84	41
16	23	88	40
16	24	92	39
16	25	89	38
16	26	85	37
16	27	81	36
16	28	77	35
16	29	73	34
16	30	69	33
16	31	65	32
16	32	61	31
16	33	57	30
16	34	53	29
16	35	49	28
16	36	45	27
16	37	41	26
16	38	37	25
16	39	44	24
16	40	48	23
16	41	52	22
16	42	56	21
16	43	60	20
16	44	64	19
16	45	62	18
16	46	58	17
16	47	54	16
16	48	50	15
16	49	46	14
16	50	42	13
16	51	38	12
16	52	34	11
16	53	30	10
16	54	26	9
16	55	22	8
16	56	18	7
16	57	14	6
16	58	10	5
16	59	6	4
16	60	2	3
16	61	12	2
16	62	8	1
16	63	4	0
16	64	16	64
16	65	20	65
16	66	24	66
16	67	28	67
16	68	32	68
16	69	36	69
16	70	40	70
16	71	33	71
16	72	29	72
16	73	25	73
16	74	21	74
16	75	17	75
16	76	13	76
16	77	9	77
16	78	5	78
16	79	1	79
16	80	3	80
16	81	7	81
16	82	11	82
16	83	15	83
16	84	19	84
16	85	23	85
16	86	27	86
16	87	31	87
16	88	35	88
16	89	39	89
16	90	43	90
16	91	47	91
16	92	51	92
16	93	55	93
16	94	59	94
16	95	63	95
16	96	67	96
16	97	71	97
16	98	75	98
16	99	79	99
16	100	83	100
16	101	87	101
16	102	91	102
16	103	95	103
16	104	99	104
16	105	103	105
16	106	107	106
16	107	111	107
16	108	115	108
16	109	119	109
16	110	123	110
16	111	127	111
16	112	125	112
16	113	121	113
16	114	117	114
16	115	113	115
16	116	109	116
16	117	105	117
16	118	101	118
16	119	97	119
16	120	93	120
16	121	96	121
16	122	100	122
16	123	104	123
16	124	108	124
16	125	112	125
16	126	116	126
16	127	124	127
17	0	128	63
17	1	120	62
17	2	126	61
17	3	122	60
17	4	118	59
17	5	114	58
17	6	110	57
17	7	106	56
17	8	102	55
17	9	98	54
17	10	94	53
17	11	90	52
17	12	86	51
17	13	82	50
17	14	78	49
17	15	74	48
17	16	70	47
17	17	66	46
17	18	68	45
17	19	72	44
17	20	76	43
17	21	80	42
17	22	84	41
17	23	88	40
17	24	92	39
17	25	89	38
17	26	85	37
17	27	81	36
17	28	77	35
17	29	73	34
17	30	69	33
17	31	65	32
17	32	61	31
17	33	57	30
17	34	53	29
17	35	49	28
17	36	45	27
17	37	41	26
17	38	37	25
17	39	44	24
17	40	48	23
17	41	52	22
17	42	56	21
17	43	60	20
17	44	64	19
17	45	62	18
17	46	58	17
17	47	54	16
17	48	50	15
17	49	46	14
17	50	42	13
17	51	38	12
17	52	34	11
17	53	30	10
17	54	26	9
17	55	22	8
17	56	18	7
17	57	14	6
17	58	10	5
17	59	6	4
17	60	2	3
17	61	12	2
17	62	8	1
17	63	4	0
17	64	16	64
17	65	20	65
17	66	24	66
17	67	28	67
17	68	32	68
17	69	36	69
17	70	40	70
17	71	33	71
17	72	29	72
17	73	25	73
17	74	21	74
17	75	17	75
17	76	13	76
17	77	9	77
17	78	5	78
17	79	1	79
17	80	3	80
17	81	7	81
17	82	11	82
17	83	15	83
17	84	19	84
17	85	23	85
17	86	27	86
17	87	31	87
17	88	35	88
17	89	39	89
17	90	43	90
17	91	47	91
17	92	51	92
17	93	55	93
17	94	59	94
17	95	63	95
17	96	67	96
17	97	71	97
17	98	75	98
17	99	79	99
17	100	83	100
17	101	87	101
17	102	91	102
17	103	95	103
17	104	99	104
17	105	103	105
17	106	107	106
17	107	111	107
17	108	115	108
17	109	119	109
17	110	123	110
17	111	127	111
17	112	125	112
17	113	121	113
17	114	117	114
17	115	113	115
17	116	109	116
17	117	105	117
17	118	101	118
17	119	97	119
17	120	93	120
17	121	96	121
17	122	100	122
17	123	104	123
17	124	108	124
17	125	112	125
17	126	116	126
17	127	124	127
18	0	4	0
18	1	8	1
18	2	12	2
18	3	2	3
18	4	6	4
18	5	10	5
18	6	14	6
18	7	18	7
18	8	22	8
18	9	26	9
18	10	30	10
18	11	34	11
18	12	38	12
18	13	42	13
18	14	46	14
18	15	50	15
18	16	54	16
18	17	58	17
18	18	62	18
18	19	64	19
18	20	60	20
18	21	56	21
18	22	52	22
18	23	48	23
18	24	44	24
18	25	37	25
18	26	41	26
18	27	45	27
18	28	49	28
18	29	53	29
18	30	57	30
18	31	61	31
18	32	65	32
18	33	69	33
18	34	73	34
18	35	77	35
18	36	81	36
18	37	85	37
18	38	89	38
18	39	92	39
18	40	88	40
18	41	84	41
18	42	80	42
18	43	76	43
18	44	72	44
18	45	68	45
18	46	66	46
18	47	70	47
18	48	74	48
18	49	78	49
18	50	82	50
18	51	86	51
18	52	90	52
18	53	94	53
18	54	98	54
18	55	102	55
18	56	106	56
18	57	110	57
18	58	114	58
18	59	118	59
18	60	122	60
18	61	126	61
18	62	120	62
18	63	128	63
18	64	124	127
18	65	116	126
18	66	112	125
18	67	108	124
18	68	104	123
18	69	100	122
18	70	96	121
18	71	93	120
18	72	97	119
18	73	101	118
18	74	105	117
18	75	109	116
18	76	113	115
18	77	117	114
18	78	121	113
18	79	125	112
18	80	127	111
18	81	123	110
18	82	119	109
18	83	115	108
18	84	111	107
18	85	107	106
18	86	103	105
18	87	99	104
18	88	95	103
18	89	91	102
18	90	87	101
18	91	83	100
18	92	79	99
18	93	75	98
18	94	71	97
18	95	67	96
18	96	63	95
18	97	59	94
18	98	55	93
18	99	51	92
18	100	47	91
18	101	43	90
18	102	39	89
18	103	35	88
18	104	31	87
18	105	27	86
18	106	23	85
18	107	19	84
18	108	15	83
18	109	11	82
18	110	7	81
18	111	3	80
18	112	1	79
18	113	5	78
18	114	9	77
18	115	13	76
18	116	17	75
18	117	21	74
18	118	25	73
18	119	29	72
18	120	33	71
18	121	40	70
18	122	36	69
18	123	32	68
18	124	28	67
18	125	24	66
18	126	20	65
18	127	16	64
19	0	4	0
19	1	8	1
19	2	12	2
19	3	2	3
19	4	6	4
19	5	10	5
19	6	14	6
19	7	18	7
19	8	22	8
19	9	26	9
19	10	30	10
19	11	34	11
19	12	38	12
19	13	42	13
19	14	46	14
19	15	50	15
19	16	54	16
19	17	58	17
19	18	62	18
19	19	64	19
19	20	60	20
19	21	56	21
19	22	52	22
19	23	48	23
19	24	44	24
19	25	37	25
19	26	41	26
19	27	45	27
19	28	49	28
19	29	53	29
19	30	57	30
19	31	61	31
19	32	65	32
19	33	69	33
19	34	73	34
19	35	77	35
19	36	81	36
19	37	85	37
19	38	89	38
19	39	92	39
19	40	88	40
19	41	84	41
19	42	80	42
19	43	76	43
19	44	72	44
19	45	68	45
19	46	66	46
19	47	70	47
19	48	74	48
19	49	78	49
19	50	82	50
19	51	86	51
19	52	90	52
19	53	94	53
19	54	98	54
19	55	102	55
19	56	106	56
19	57	110	57
19	58	114	58
19	59	118	59
19	60	122	60
19	61	126	61
19	62	120	62
19	63	128	63
19	64	124	127
19	65	116	126
19	66	112	125
19	67	108	124
19	68	104	123
19	69	100	122
19	70	96	121
19	71	93	120
19	72	97	119
19	73	101	118
19	74	105	117
19	75	109	116
19	76	113	115
19	77	117	114
19	78	121	113
19	79	125	112
19	80	127	111
19	81	123	110
19	82	119	109
19	83	115	108
19	84	111	107
19	85	107	106
19	86	103	105
19	87	99	104
19	88	95	103
19	89	91	102
19	90	87	101
19	91	83	100
19	92	79	99
19	93	75	98
19	94	71	97
19	95	67	96
19	96	63	95
19	97	59	94
19	98	55	93
19	99	51	92
19	100	47	91
19	101	43	90
19	102	39	89
19	103	35	88
19	104	31	87
19	105	27	86
19	106	23	85
19	107	19	84
19	108	15	83
19	109	11	82
19	110	7	81
19	111	3	80
19	112	1	79
19	113	5	78
19	114	9	77
19	115	13	76
19	116	17	75
19	117	21	74
19	118	25	73
19	119	29	72
19	120	33	71
19	121	40	70
19	122	36	69
19	123	32	68
19	124	28	67
19	125	24	66
19	126	20	65
19	127	16	64
20	0	128	63
20	1	120	62
20	2	126	61
20	3	122	60
20	4	118	59
20	5	114	58
20	6	110	57
20	7	106	56
20	8	102	55
20	9	98	54
20	10	94	53
20	11	90	52
20	12	86	51
20	13	82	50
20	14	78	49
20	15	74	48
20	16	70	47
20	17	66	46
20	18	68	45
20	19	72	44
20	20	76	43
20	21	80	42
20	22	84	41
20	23	88	40
20	24	92	39
20	25	89	38
20	26	85	37
20	27	81	36
20	28	77	35
20	29	73	34
20	30	69	33
20	31	65	32
20	32	61	31
20	33	57	30
20	34	53	29
20	35	49	28
20	36	45	27
20	37	41	26
20	38	37	25
20	39	44	24
20	40	48	23
20	41	52	22
20	42	56	21
20	43	60	20
20	44	64	19
20	45	62	18
20	46	58	17
20	47	54	16
20	48	50	15
20	49	46	14
20	50	42	13
20	51	38	12
20	52	34	11
20	53	30	10
20	54	26	9
20	55	22	8
20	56	18	7
20	57	14	6
20	58	10	5
20	59	6	4
20	60	2	3
20	61	12	2
20	62	8	1
20	63	4	0
20	64	16	64
20	65	20	65
20	66	24	66
20	67	28	67
20	68	32	68
20	69	36	69
20	70	40	70
20	71	33	71
20	72	29	72
20	73	25	73
20	74	21	74
20	75	17	75
20	76	13	76
20	77	9	77
20	78	5	78
20	79	1	79
20	80	3	80
20	81	7	81
20	82	11	82
20	83	15	83
20	84	19	84
20	85	23	85
20	86	27	86
20	87	31	87
20	88	35	88
20	89	39	89
20	90	43	90
20	91	47	91
20	92	51	92
20	93	55	93
20	94	59	94
20	95	63	95
20	96	67	96
20	97	71	97
20	98	75	98
20	99	79	99
20	100	83	100
20	101	87	101
20	102	91	102
20	103	95	103
20	104	99	104
20	105	103	105
20	106	107	106
20	107	111	107
20	108	115	108
20	109	119	109
20	110	123	110
20	111	127	111
20	112	125	112
20	113	121	113
20	114	117	114
20	115	113	115
20	116	109	116
20	117	105	117
20	118	101	118
20	119	97	119
20	120	93	120
20	121	96	121
20	122	100	122
20	123	104	123
20	124	108	124
20	125	112	125
20	126	116	126
20	127	124	127
21	0	4	0
21	1	8	1
21	2	12	2
21	3	2	3
21	4	6	4
21	5	10	5
21	6	14	6
21	7	18	7
21	8	22	8
21	9	26	9
21	10	30	10
21	11	34	11
21	12	38	12
21	13	42	13
21	14	46	14
21	15	50	15
21	16	54	16
21	17	58	17
21	18	62	18
21	19	64	19
21	20	60	20
21	21	56	21
21	22	52	22
21	23	48	23
21	24	44	24
21	25	37	25
21	26	41	26
21	27	45	27
21	28	49	28
21	29	53	29
21	30	57	30
21	31	61	31
21	32	65	32
21	33	69	33
21	34	73	34
21	35	77	35
21	36	81	36
21	37	85	37
21	38	89	38
21	39	92	39
21	40	88	40
21	41	84	41
21	42	80	42
21	43	76	43
21	44	72	44
21	45	68	45
21	46	66	46
21	47	70	47
21	48	74	48
21	49	78	49
21	50	82	50
21	51	86	51
21	52	90	52
21	53	94	53
21	54	98	54
21	55	102	55
21	56	106	56
21	57	110	57
21	58	114	58
21	59	118	59
21	60	122	60
21	61	126	61
21	62	120	62
21	63	128	63
21	64	124	127
21	65	116	126
21	66	112	125
21	67	108	124
21	68	104	123
21	69	100	122
21	70	96	121
21	71	93	120
21	72	97	119
21	73	101	118
21	74	105	117
21	75	109	116
21	76	113	115
21	77	117	114
21	78	121	113
21	79	125	112
21	80	127	111
21	81	123	110
21	82	119	109
21	83	115	108
21	84	111	107
21	85	107	106
21	86	103	105
21	87	99	104
21	88	95	103
21	89	91	102
21	90	87	101
21	91	83	100
21	92	79	99
21	93	75	98
21	94	71	97
21	95	67	96
21	96	63	95
21	97	59	94
21	98	55	93
21	99	51	92
21	100	47	91
21	101	43	90
21	102	39	89
21	103	35	88
21	104	31	87
21	105	27	86
21	106	23	85
21	107	19	84
21	108	15	83
21	109	11	82
21	110	7	81
21	111	3	80
21	112	1	79
21	113	5	78
21	114	9	77
21	115	13	76
21	116	17	75
21	117	21	74
21	118	25	73
21	119	29	72
21	120	33	71
21	121	40	70
21	122	36	69
21	123	32	68
21	124	28	67
21	125	24	66
21	126	20	65
21	127	16	64
22	0	128	63
22	1	120	62
22	2	126	61
22	3	122	60
22	4	118	59
22	5	114	58
22	6	110	57
22	7	106	56
22	8	102	55
22	9	98	54
22	10	94	53
22	11	90	52
22	12	86	51
22	13	82	50
22	14	78	49
22	15	74	48
22	16	70	47
22	17	66	46
22	18	68	45
22	19	72	44
22	20	76	43
22	21	80	42
22	22	84	41
22	23	88	40
22	24	92	39
22	25	89	38
22	26	85	37
22	27	81	36
22	28	77	35
22	29	73	34
22	30	69	33
22	31	65	32
22	32	61	31
22	33	57	30
22	34	53	29
22	35	49	28
22	36	45	27
22	37	41	26
22	38	37	25
22	39	44	24
22	40	48	23
22	41	52	22
22	42	56	21
22	43	60	20
22	44	64	19
22	45	62	18
22	46	58	17
22	47	54	16
22	48	50	15
22	49	46	14
22	50	42	13
22	51	38	12
22	52	34	11
22	53	30	10
22	54	26	9
22	55	22	8
22	56	18	7
22	57	14	6
22	58	10	5
22	59	6	4
22	60	2	3
22	61	12	2
22	62	8	1
22	63	4	0
22	64	16	64
22	65	20	65
22	66	24	66
22	67	28	67
22	68	32	68
22	69	36	69
22	70	40	70
22	71	33	71
22	72	29	72
22	73	25	73
22	74	21	74
22	75	17	75
22	76	13	76
22	77	9	77
22	78	5	78
22	79	1	79
22	80	3	80
22	81	7	81
22	82	11	82
22	83	15	83
22	84	19	84
22	85	23	85
22	86	27	86
22	87	31	87
22	88	35	88
22	89	39	89
22	90	43	90
22	91	47	91
22	92	51	92
22	93	55	93
22	94	59	94
22	95	63	95
22	96	67	96
22	97	71	97
22	98	75	98
22	99	79	99
22	100	83	100
22	101	87	101
22	102	91	102
22	103	95	103
22	104	99	104
22	105	103	105
22	106	107	106
22	107	111	107
22	108	115	108
22	109	119	109
22	110	123	110
22	111	127	111
22	112	125	112
22	113	121	113
22	114	117	114
22	115	113	115
22	116	109	116
22	117	105	117
22	118	101	118
22	119	97	119
22	120	93	120
22	121	96	121
22	122	100	122
22	123	104	123
22	124	108	124
22	125	112	125
22	126	116	126
22	127	124	127
23	0	4	0
23	1	8	1
23	2	12	2
23	3	2	3
23	4	6	4
23	5	10	5
23	6	14	6
23	7	18	7
23	8	22	8
23	9	26	9
23	10	30	10
23	11	34	11
23	12	38	12
23	13	42	13
23	14	46	14
23	15	50	15
23	16	54	16
23	17	58	17
23	18	62	18
23	19	64	19
23	20	60	20
23	21	56	21
23	22	52	22
23	23	48	23
23	24	44	24
23	25	37	25
23	26	41	26
23	27	45	27
23	28	49	28
23	29	53	29
23	30	57	30
23	31	61	31
23	32	65	32
23	33	69	33
23	34	73	34
23	35	77	35
23	36	81	36
23	37	85	37
23	38	89	38
23	39	92	39
23	40	88	40
23	41	84	41
23	42	80	42
23	43	76	43
23	44	72	44
23	45	68	45
23	46	66	46
23	47	70	47
23	48	74	48
23	49	78	49
23	50	82	50
23	51	86	51
23	52	90	52
23	53	94	53
23	54	98	54
23	55	102	55
23	56	106	56
23	57	110	57
23	58	114	58
23	59	118	59
23	60	122	60
23	61	126	61
23	62	120	62
23	63	128	63
23	64	124	127
23	65	116	126
23	66	112	125
23	67	108	124
23	68	104	123
23	69	100	122
23	70	96	121
23	71	93	120
23	72	97	119
23	73	101	118
23	74	105	117
23	75	109	116
23	76	113	115
23	77	117	114
23	78	121	113
23	79	125	112
23	80	127	111
23	81	123	110
23	82	119	109
23	83	115	108
23	84	111	107
23	85	107	106
23	86	103	105
23	87	99	104
23	88	95	103
23	89	91	102
23	90	87	101
23	91	83	100
23	92	79	99
23	93	75	98
23	94	71	97
23	95	67	96
23	96	63	95
23	97	59	94
23	98	55	93
23	99	51	92
23	100	47	91
23	101	43	90
23	102	39	89
23	103	35	88
23	104	31	87
23	105	27	86
23	106	23	85
23	107	19	84
23	108	15	83
23	109	11	82
23	110	7	81
23	111	3	80
23	112	1	79
23	113	5	78
23	114	9	77
23	115	13	76
23	116	17	75
23	117	21	74
23	118	25	73
23	119	29	72
23	120	33	71
23	121	40	70
23	122	36	69
23	123	32	68
23	124	28	67
23	125	24	66
23	126	20	65
23	127	16	64
